10
20 21 16 14 19 -4 24 2 4 -19 -12 -17 9 -7 -15 1 -14 20 -11 -9 28
20 30 -4 24 17 -19 29 20 22 -11 -16 13 4 -6 -17 5 -18 -20 18 3 28
20 -1 -3 -9 -18 14 11 25 29 -17 -6 17 21 23 19 0 26 10 -12 -14 13
20 10 -4 6 -20 25 4 20 -10 26 17 9 19 11 21 15 24 -13 -5 -15 -18
20 11 2 18 25 -3 -12 -2 -9 3 15 -18 -15 -7 5 6 -6 9 4 -8 1
20 -4 23 28 17 12 18 15 9 14 -20 -14 16 11 -6 -12 -16 22 13 5 -10
20 26 -15 -10 2 30 -18 -2 19 -16 -4 20 6 -13 -6 -7 15 14 -1 8 -19
20 28 -14 -13 25 21 5 27 26 3 -10 30 -17 -8 15 -16 20 -15 -12 -9 10
20 3 25 14 1 -20 9 -18 -2 0 -10 -7 29 12 -19 -13 22 24 30 -4 -11
20 -3 22 -17 -16 28 17 4 20 9 -1 -9 -12 -8 16 5 -13 0 2 23 -5